1.28699994087
1.25199985504
1.24399995804
3.79800009727
1.42499995232
1.79299998283
1.71199989319
1.61500000954
1.30200004578
1.35899996758
1.79700016975
1.84400010109
2.26300001144
1.78200006485
1.46399998665
2.28600001335
1.63400006294
1.88800001144
2.17000007629
1.73599982262
1.73900008202
1.0759999752
1.68200016022
1.77300000191
1.45199990273
2.10599994659
1.32299995422
1.80599999428
1.24000000954
1.90799999237
2.22200012207
1.4849998951
1.28799986839
2.15699982643
1.58099985123
1.27699995041
2.58700013161
1.77699995041
1.2460000515
1.26300001144
2.28200006485
2.81599998474
1.36000013351
1.117000103
2.19400000572
3.63999986649
1.73799991608
1.80800008774
1.51600003242
2.76200008392
1.15500020981
2.91700005531
1.98199987411
1.26399993896
2.04400014877
1.24799990654
1.46700000763
1.71600008011
1.26399993896
1.38900017738
2.93299984932
1.49800014496
2.51200008392
1.43499994278
1.66900014877
1.34200000763
2.29299998283
2.34000015259
2.29400014877
1.99699997902
2.44899988174
1.38899993896
2.66799998283
1.7009999752
2.68299984932
1.34200000763
1.84099984169
1.88800001144
1.71599984169
3.68200016022
1.3259999752
2.2619998455
1.49699997902
1.51400017738
1.85599994659
2.21499991417
1.24800014496
3.08899998665
1.70000004768
2.01200008392
5.19400000572
1.34200000763
1.46600008011
3.24500012398
2.69900012016
1.48200011253
1.99699997902
1.99699997902
2.89899992943
1.50999999046
1.83500003815
1.2389998436
1.87800002098
1.39699983597
1.39700007439
2.8149998188
2.117000103
1.93499994278
1.27400016785
1.54800009727
1.8180000782
2.29999995232
1.73600006104
1.75500011444
1.64400005341
1.64499998093
1.32000017166
2.71300005913
1.27799987793
3.01399993896
1.21599984169
1.77500009537
2.16100001335
2.45900011063
1.99399995804
1.96799993515
2.20300006866
1.56900000572
2.00899982452
1.1289999485
2.6779999733
2.14800000191
1.70700001717
1.1779999733
1.74000000954
1.1740000248
1.95199990273
2.03299999237
1.742000103
2.2539999485
1.77699995041
1.57399988174
1.99500012398
1.54600000381
1.08999991417
1.47099995613
1.71099996567
2.71000003815
1.15899991989
1.05200004578
1.96099996567
2.83599996567
1.76399993896
1.94400000572
3.28400015831
1.58400011063
1.57799983025
1.61499977112
2.2619998455
2.1210000515
1.59700012207
3.57400012016
1.59300017357
1.89400005341
1.96099996567
1.77600002289
1.30999994278
1.44900012016
2.2009999752
1.41899991035
1.44899988174
1.82899999619
1.23399996758
1.28600001335
1.20800018311
1.6970000267
2.81399989128
1.89100003242
1.34400010109
1.55999994278
1.83999991417
1.37300014496
1.24499988556
1.25300002098
2.08800005913
1.64800000191
1.15499997139
1.94200015068
1.55100011826
1.44600009918
1.2990000248
1.11400008202
1.56900000572
1.82399988174
1.77699995041
2.42500019073
1.21399998665
1.46600008011
2.40199995041
1.29500007629
1.27899980545
1.85600018501
1.76200008392
1.3259999752
1.35800004005
1.40400004387
1.45000004768
1.85599994659
1.55999994278
1.96600008011
1.70000004768
1.7009999752
2.41799998283
1.60699987411
2.51200008392
1.34200000763
1.26399993896
1.93499994278
3.24499988556
1.80999994278
2.02799987793
1.1859998703
1.34200000763
2.74500012398
1.37299990654
1.51300001144
1.96499991417
1.23199987411
1.62300014496
1.35799980164
2.35599994659
3.24500012398
1.26399993896
1.79400014877
2.2460000515
1.42000007629
1.32600021362
1.49800014496
1.43499994278
1.3259999752
1.71600008011
1.37300014496
1.80999994278
2.76099991798
1.91799998283
2.06699991226
5.15600013733
1.28500008583
1.22600007057
1.46600008011
1.18799996376
2.46600008011
2.33100008965
1.20299983025
2.66000008583
1.44600009918
2.1210000515
1.35299992561
1.33200001717
1.21899986267
2.43600010872
2.35400009155
2.70399999619
1.79800009727
1.41500020027
2.51300001144
1.33800005913
1.33100008965
2.13199996948
1.01499986649
1.18700003624
2.12299990654
1.35100007057
2.40499997139
2.5759999752
1.23199987411
1.39499998093
1.79800009727
2.80499982834
1.70300006866
1.5720000267
1.47599983215
1.42599987984
3.24199986458
1.20700001717
1.93200016022
3.18700003624
1.35500001907
2.08399987221
1.95599985123
1.64599990845
1.96099996567
1.78100013733
