2.52200007439
1.81100010872
4.0640001297
2.90899991989
1.56299996376
1.81599998474
2.30000019073
5.67300009727
3.07999992371
2.95799994469
1.51300001144
2.70299983025
2.11599993706
2.81900000572
1.31900000572
1.69799995422
3.36599993706
1.97199988365
3.83899998665
1.5490000248
3.27300000191
3.29500007629
1.75999999046
2.85299992561
1.93000006676
2.66000008583
3.20000004768
2.13599991798
2.75800013542
3.16799998283
1.64599990845
1.77600002289
5.65900015831
1.4509999752
1.80499982834
4.28099989891
2.45700001717
3.47699999809
2.65799999237
4.617000103
1.63899993896
1.54200005531
1.25899982452
4.68600010872
1.72300004959
2.69900012016
1.92599987984
2.34100008011
3.16599988937
1.83999991417
2.15299987793
3.75900006294
3.71200013161
2.44899988174
2.74499988556
1.66900014877
3.60299992561
3.66599988937
1.26300001144
1.93400001526
1.62199997902
1.16999983788
2.40199995041
1.88800001144
1.46599984169
1.51300001144
2.98000001907
2.79199981689
2.1210000515
1.88800001144
3.05700016022
6.03699994087
3.86800003052
3.58800005913
2.10600018501
3.24399995804
1.74700021744
1.62199997902
2.98000001907
1.27899980545
2.54300022125
2.13700008392
5.84999990463
1.87199997902
1.63800001144
2.79299998283
2.27699995041
1.49799990654
2.85500001907
2.87099981308
2.73000001907
2.73000001907
3.02699995041
1.91899991035
2.24599981308
2.94800019264
1.90299987793
4.79299998283
5.71399998665
4.61800003052
2.6289999485
1.46100020409
6.65199995041
3.46700000763
1.5609998703
2.08599996567
2.25
4.96700000763
2.21499991417
1.46700000763
1.92499995232
3.117000103
3.49099993706
3.75
1.91799998283
1.28900003433
4.25499987602
2.48500013351
2.32000017166
2.10000014305
1.97200012207
2.0529999733
2.62300014496
2.19499993324
2.74399995804
1.34100008011
2.45500016212
2.14600014687
1.56299996376
1.75
1.75600004196
3.69200015068
1.37199997902
2.1819999218
2.05100011826
1.53099989891
3.48799991608
3.46899986267
1.57700014114
1.35899996758
4.61900019646
2.69099998474
2.05800008774
4.79999995232
1.81200003624
4.00600004196
2.2009999752
3.75699996948
2.03799986839
1.44799995422
4.8869998455
1.18799996376
2.21800017357
4.9319999218
4.51799988747
2.58599996567
2.36900019646
4.84299993515
3.87599992752
1.48199987411
3.04500007629
2.96599984169
1.4359998703
2.79000020027
3.52799987793
3.15399980545
3.09400010109
1.0720000267
2.5569999218
1.28600001335
1.83899998665
1.91899991035
2.30700016022
1.42499995232
2.14199995995
3.16999983788
2.4319999218
3.382999897
2.42000007629
1.45900011063
4.01099991798
5.93000006676
1.57000017166
1.43600010872
1.6970000267
2.66899991035
3.07499980927
2.96599984169
2.50600004196
2.21099996567
2.75699996948
1.992000103
2.32999992371
4.03099989891
4.15599989891
2.4509999752
4.39199995995
2.63599991798
5.74099993706
2.77699995041
3.25999999046
2.4960000515
2.66799998283
1.54499983788
2.18400001526
3.02600002289
2.40300011635
2.65199995041
3.69799995422
2.93300008774
3.64999985695
2.90199995041
2.18400001526
2.27699995041
1.96600008011
3.0569999218
1.23200011253
1.85599994659
1.38800001144
3.41600012779
2.8860001564
2.21500015259
1.73200011253
2.19900012016
2.01300001144
2.16899991035
2.26200008392
1.59200000763
2.27699995041
3.07300019264
2.43300008774
3.91499996185
1.76300001144
1.43499994278
1.35699987411
2.20000004768
3.75899982452
1.84099984169
2.12099981308
2.33999991417
2.7460000515
2.16899991035
3.71199989319
2.29299998283
1.52900004387
2.90199995041
2.76099991798
2.34999990463
2.53200006485
2.5529999733
2.26200008392
2.82100009918
2.9279999733
1.75100016594
2.02699995041
1.64400005341
2.45199990273
3.02200007439
5.64499998093
2.72499990463
2.83400011063
1.66500020027
2.73099994659
3.06599998474
2.1289999485
2.19199991226
2.50600004196
1.47099995613
3.27899980545
2.18300008774
2.13199996948
2.34399986267
1.47399997711
2.25800013542
1.57299995422
2.91899991035
1.63099980354
1.80599999428
3.28200006485
1.81599998474
2.20600008965
4.84400010109
3.60899996758
2.73000001907
1.42100000381
2.12699985504
2.80599999428
1.87800002098
3.54200005531
1.49500012398
4.92900013924
2.74000000954
1.81200003624
1.70399999619
2.21899986267
1.47000002861
2.89900016785
2.57699990273
2.72200012207
1.85800004005
1.91700005531
1.41400003433
